(kicad_pcb (version 20171130) (host pcbnew "(5.1.10)-1")

  (general
    (thickness 1.6)
    (drawings 28)
    (tracks 166)
    (zones 0)
    (modules 61)
    (nets 41)
  )

  (page A4)
  (layers
    (0 F.Cu signal)
    (31 B.Cu signal)
    (32 B.Adhes user)
    (33 F.Adhes user)
    (34 B.Paste user)
    (35 F.Paste user)
    (36 B.SilkS user)
    (37 F.SilkS user)
    (38 B.Mask user)
    (39 F.Mask user)
    (40 Dwgs.User user)
    (41 Cmts.User user)
    (42 Eco1.User user)
    (43 Eco2.User user)
    (44 Edge.Cuts user)
    (45 Margin user)
    (46 B.CrtYd user)
    (47 F.CrtYd user)
    (48 B.Fab user)
    (49 F.Fab user)
  )

  (setup
    (last_trace_width 0.25)
    (user_trace_width 1)
    (trace_clearance 0.2)
    (zone_clearance 0.508)
    (zone_45_only no)
    (trace_min 0.2)
    (via_size 0.8)
    (via_drill 0.4)
    (via_min_size 0.4)
    (via_min_drill 0.3)
    (uvia_size 0.3)
    (uvia_drill 0.1)
    (uvias_allowed no)
    (uvia_min_size 0.2)
    (uvia_min_drill 0.1)
    (edge_width 0.05)
    (segment_width 0.2)
    (pcb_text_width 0.3)
    (pcb_text_size 1.5 1.5)
    (mod_edge_width 0.12)
    (mod_text_size 1 1)
    (mod_text_width 0.15)
    (pad_size 1.524 1.524)
    (pad_drill 0.762)
    (pad_to_mask_clearance 0)
    (aux_axis_origin 0 0)
    (visible_elements FFFFFF7F)
    (pcbplotparams
      (layerselection 0x010fc_ffffffff)
      (usegerberextensions false)
      (usegerberattributes true)
      (usegerberadvancedattributes true)
      (creategerberjobfile true)
      (excludeedgelayer true)
      (linewidth 0.100000)
      (plotframeref false)
      (viasonmask false)
      (mode 1)
      (useauxorigin false)
      (hpglpennumber 1)
      (hpglpenspeed 20)
      (hpglpendiameter 15.000000)
      (psnegative false)
      (psa4output false)
      (plotreference true)
      (plotvalue true)
      (plotinvisibletext false)
      (padsonsilk false)
      (subtractmaskfromsilk false)
      (outputformat 1)
      (mirror false)
      (drillshape 1)
      (scaleselection 1)
      (outputdirectory ""))
  )

  (net 0 "")
  (net 1 GND)
  (net 2 VCC)
  (net 3 +3V3)
  (net 4 "Net-(C4-Pad1)")
  (net 5 XSHUT_1)
  (net 6 GPIOI_1)
  (net 7 SDA)
  (net 8 SCL)
  (net 9 XSHUT_2)
  (net 10 GPIOI_2)
  (net 11 XSHUT_0)
  (net 12 GPIOI_0)
  (net 13 "Net-(R18-Pad1)")
  (net 14 LED_3)
  (net 15 LED_4)
  (net 16 /MCU/TCK)
  (net 17 /MCU/TMS)
  (net 18 LED_5)
  (net 19 LED_1)
  (net 20 "Net-(C20-Pad2)")
  (net 21 LED_2)
  (net 22 /MCU/USART_RX)
  (net 23 /MCU/USART_TX)
  (net 24 /MCU/RST)
  (net 25 /MCU/OSM_OUT)
  (net 26 /MCU/MCO)
  (net 27 /MCU/OS_OUT)
  (net 28 /MCU/OS_IN)
  (net 29 "Net-(C16-Pad1)")
  (net 30 "Net-(C17-Pad1)")
  (net 31 SW_1)
  (net 32 "Net-(C23-Pad1)")
  (net 33 SW_2)
  (net 34 "Net-(C24-Pad1)")
  (net 35 "Net-(D1-Pad2)")
  (net 36 "Net-(D2-Pad2)")
  (net 37 "Net-(D3-Pad2)")
  (net 38 "Net-(D4-Pad2)")
  (net 39 "Net-(D5-Pad2)")
  (net 40 +5V)

  (net_class Default "This is the default net class."
    (clearance 0.2)
    (trace_width 0.25)
    (via_dia 0.8)
    (via_drill 0.4)
    (uvia_dia 0.3)
    (uvia_drill 0.1)
    (add_net +3V3)
    (add_net +5V)
    (add_net /MCU/MCO)
    (add_net /MCU/OSM_OUT)
    (add_net /MCU/OS_IN)
    (add_net /MCU/OS_OUT)
    (add_net /MCU/RST)
    (add_net /MCU/TCK)
    (add_net /MCU/TMS)
    (add_net /MCU/USART_RX)
    (add_net /MCU/USART_TX)
    (add_net GND)
    (add_net GPIOI_0)
    (add_net GPIOI_1)
    (add_net GPIOI_2)
    (add_net LED_1)
    (add_net LED_2)
    (add_net LED_3)
    (add_net LED_4)
    (add_net LED_5)
    (add_net "Net-(C16-Pad1)")
    (add_net "Net-(C17-Pad1)")
    (add_net "Net-(C20-Pad2)")
    (add_net "Net-(C23-Pad1)")
    (add_net "Net-(C24-Pad1)")
    (add_net "Net-(C4-Pad1)")
    (add_net "Net-(D1-Pad2)")
    (add_net "Net-(D2-Pad2)")
    (add_net "Net-(D3-Pad2)")
    (add_net "Net-(D4-Pad2)")
    (add_net "Net-(D5-Pad2)")
    (add_net "Net-(J3-Pad1)")
    (add_net "Net-(J3-Pad2)")
    (add_net "Net-(J3-Pad3)")
    (add_net "Net-(J3-Pad8)")
    (add_net "Net-(J4-Pad4)")
    (add_net "Net-(J4-Pad5)")
    (add_net "Net-(J4-Pad6)")
    (add_net "Net-(J5-Pad3)")
    (add_net "Net-(J5-Pad4)")
    (add_net "Net-(J5-Pad5)")
    (add_net "Net-(J5-Pad6)")
    (add_net "Net-(J6-Pad1)")
    (add_net "Net-(J6-Pad2)")
    (add_net "Net-(R18-Pad1)")
    (add_net SCL)
    (add_net SDA)
    (add_net SW_1)
    (add_net SW_2)
    (add_net VCC)
    (add_net XSHUT_0)
    (add_net XSHUT_1)
    (add_net XSHUT_2)
  )

  (module VL53L3CX:VL53L3CXV0DH&slash_1 (layer F.Cu) (tedit 621371EE) (tstamp 6214ACFA)
    (at 147.574 144.272 270)
    (descr ToF-Sensor)
    (tags VL53L3)
    (path /623A41A0/623B5A6D)
    (fp_text reference U4 (at 0 -5.08 270) (layer F.SilkS)
      (effects (font (size 1 1) (thickness 0.15)))
    )
    (fp_text value VL53L3CXV0DH_RIGHT (at 0 -3.81 90) (layer F.SilkS)
      (effects (font (size 1 1) (thickness 0.15)))
    )
    (fp_text user * (at -1.3462 -0.4 90) (layer F.Fab)
      (effects (font (size 1 1) (thickness 0.15)))
    )
    (fp_text user * (at -2.4892 -0.4 90) (layer F.SilkS)
      (effects (font (size 1 1) (thickness 0.15)))
    )
    (fp_text user * (at -1.3462 -0.4 90) (layer F.Fab)
      (effects (font (size 1 1) (thickness 0.15)))
    )
    (fp_text user * (at -2.4892 -0.4 90) (layer F.SilkS)
      (effects (font (size 1 1) (thickness 0.15)))
    )
    (fp_text user "Copyright 2021 Accelerated Designs. All rights reserved." (at 0 0 90) (layer Cmts.User) hide
      (effects (font (size 0.127 0.127) (thickness 0.002)))
    )
    (fp_line (start -2.083 1.4732) (end -2.4765 1.4732) (layer F.CrtYd) (width 0.05))
    (fp_line (start -2.083 1.773199) (end -2.083 1.4732) (layer F.CrtYd) (width 0.05))
    (fp_line (start 2.083 1.773199) (end -2.083 1.773199) (layer F.CrtYd) (width 0.05))
    (fp_line (start 2.083 1.4732) (end 2.083 1.773199) (layer F.CrtYd) (width 0.05))
    (fp_line (start 2.4765 1.4732) (end 2.083 1.4732) (layer F.CrtYd) (width 0.05))
    (fp_line (start 2.4765 0.483) (end 2.4765 1.4732) (layer F.CrtYd) (width 0.05))
    (fp_line (start 2.4765 0.483) (end 2.4765 0.483) (layer F.CrtYd) (width 0.05))
    (fp_line (start 2.4765 -0.483) (end 2.4765 0.483) (layer F.CrtYd) (width 0.05))
    (fp_line (start 2.4765 -0.483) (end 2.4765 -0.483) (layer F.CrtYd) (width 0.05))
    (fp_line (start 2.4765 -1.4732) (end 2.4765 -0.483) (layer F.CrtYd) (width 0.05))
    (fp_line (start 2.083 -1.4732) (end 2.4765 -1.4732) (layer F.CrtYd) (width 0.05))
    (fp_line (start 2.083 -1.773199) (end 2.083 -1.4732) (layer F.CrtYd) (width 0.05))
    (fp_line (start -2.083 -1.773199) (end 2.083 -1.773199) (layer F.CrtYd) (width 0.05))
    (fp_line (start -2.083 -1.4732) (end -2.083 -1.773199) (layer F.CrtYd) (width 0.05))
    (fp_line (start -2.4765 -1.4732) (end -2.083 -1.4732) (layer F.CrtYd) (width 0.05))
    (fp_line (start -2.4765 -0.483) (end -2.4765 -1.4732) (layer F.CrtYd) (width 0.05))
    (fp_line (start -2.4765 -0.483) (end -2.4765 -0.483) (layer F.CrtYd) (width 0.05))
    (fp_line (start -2.4765 0.483) (end -2.4765 -0.483) (layer F.CrtYd) (width 0.05))
    (fp_line (start -2.4765 0.483) (end -2.4765 0.483) (layer F.CrtYd) (width 0.05))
    (fp_line (start -2.4765 1.4732) (end -2.4765 0.483) (layer F.CrtYd) (width 0.05))
    (fp_poly (pts (xy -0.1905 -1.773199) (xy -0.1905 -2.027199) (xy 0.1905 -2.027199) (xy 0.1905 -1.773199)) (layer F.SilkS) (width 0.1))
    (fp_line (start -2.161739 -1.3462) (end -2.3495 -1.3462) (layer F.SilkS) (width 0.12))
    (fp_line (start 2.161739 1.3462) (end 2.3495 1.3462) (layer F.SilkS) (width 0.12))
    (fp_line (start -2.2225 1.2192) (end -2.2225 1.2192) (layer F.Fab) (width 0.1))
    (fp_line (start -2.2225 -1.2192) (end -2.2225 1.2192) (layer F.Fab) (width 0.1))
    (fp_line (start -2.2225 -1.2192) (end -2.2225 -1.2192) (layer F.Fab) (width 0.1))
    (fp_line (start 2.2225 -1.2192) (end -2.2225 -1.2192) (layer F.Fab) (width 0.1))
    (fp_line (start 2.2225 -1.2192) (end 2.2225 -1.2192) (layer F.Fab) (width 0.1))
    (fp_line (start 2.2225 1.2192) (end 2.2225 -1.2192) (layer F.Fab) (width 0.1))
    (fp_line (start 2.2225 1.2192) (end 2.2225 1.2192) (layer F.Fab) (width 0.1))
    (fp_line (start -2.2225 1.2192) (end 2.2225 1.2192) (layer F.Fab) (width 0.1))
    (fp_line (start -2.3495 -1.3462) (end -2.3495 1.3462) (layer F.SilkS) (width 0.12))
    (fp_line (start 2.3495 -1.3462) (end 2.161739 -1.3462) (layer F.SilkS) (width 0.12))
    (fp_line (start 2.3495 1.3462) (end 2.3495 -1.3462) (layer F.SilkS) (width 0.12))
    (fp_line (start -2.3495 1.3462) (end -2.161739 1.3462) (layer F.SilkS) (width 0.12))
    (fp_line (start 1.8542 -0.254) (end 2.2225 -0.254) (layer F.Fab) (width 0.1))
    (fp_line (start 1.8542 0.254) (end 1.8542 -0.254) (layer F.Fab) (width 0.1))
    (fp_line (start 2.2225 0.254) (end 1.8542 0.254) (layer F.Fab) (width 0.1))
    (fp_line (start 2.2225 -0.254) (end 2.2225 0.254) (layer F.Fab) (width 0.1))
    (fp_line (start 1.854 1.2192) (end 1.854 1.2192) (layer F.Fab) (width 0.1))
    (fp_line (start 1.346 1.2192) (end 1.854 1.2192) (layer F.Fab) (width 0.1))
    (fp_line (start 1.346 1.2192) (end 1.346 1.2192) (layer F.Fab) (width 0.1))
    (fp_line (start 1.854 1.2192) (end 1.346 1.2192) (layer F.Fab) (width 0.1))
    (fp_line (start 1.054 1.2192) (end 1.054 1.2192) (layer F.Fab) (width 0.1))
    (fp_line (start 0.546 1.2192) (end 1.054 1.2192) (layer F.Fab) (width 0.1))
    (fp_line (start 0.546 1.2192) (end 0.546 1.2192) (layer F.Fab) (width 0.1))
    (fp_line (start 1.054 1.2192) (end 0.546 1.2192) (layer F.Fab) (width 0.1))
    (fp_line (start 0.254 1.2192) (end 0.254 1.2192) (layer F.Fab) (width 0.1))
    (fp_line (start -0.254 1.2192) (end 0.254 1.2192) (layer F.Fab) (width 0.1))
    (fp_line (start -0.254 1.2192) (end -0.254 1.2192) (layer F.Fab) (width 0.1))
    (fp_line (start 0.254 1.2192) (end -0.254 1.2192) (layer F.Fab) (width 0.1))
    (fp_line (start -0.546 1.2192) (end -0.546 1.2192) (layer F.Fab) (width 0.1))
    (fp_line (start -1.054 1.2192) (end -0.546 1.2192) (layer F.Fab) (width 0.1))
    (fp_line (start -1.054 1.2192) (end -1.054 1.2192) (layer F.Fab) (width 0.1))
    (fp_line (start -0.546 1.2192) (end -1.054 1.2192) (layer F.Fab) (width 0.1))
    (fp_line (start -1.346 1.2192) (end -1.346 1.2192) (layer F.Fab) (width 0.1))
    (fp_line (start -1.854 1.2192) (end -1.346 1.2192) (layer F.Fab) (width 0.1))
    (fp_line (start -1.854 1.2192) (end -1.854 1.2192) (layer F.Fab) (width 0.1))
    (fp_line (start -1.346 1.2192) (end -1.854 1.2192) (layer F.Fab) (width 0.1))
    (fp_line (start -1.8542 0.254) (end -2.2225 0.254) (layer F.Fab) (width 0.1))
    (fp_line (start -1.8542 -0.254) (end -1.8542 0.254) (layer F.Fab) (width 0.1))
    (fp_line (start -2.2225 -0.254) (end -1.8542 -0.254) (layer F.Fab) (width 0.1))
    (fp_line (start -2.2225 0.254) (end -2.2225 -0.254) (layer F.Fab) (width 0.1))
    (fp_line (start -1.854 -1.2192) (end -1.854 -1.2192) (layer F.Fab) (width 0.1))
    (fp_line (start -1.346 -1.2192) (end -1.854 -1.2192) (layer F.Fab) (width 0.1))
    (fp_line (start -1.346 -1.2192) (end -1.346 -1.2192) (layer F.Fab) (width 0.1))
    (fp_line (start -1.854 -1.2192) (end -1.346 -1.2192) (layer F.Fab) (width 0.1))
    (fp_line (start -1.054 -1.2192) (end -1.054 -1.2192) (layer F.Fab) (width 0.1))
    (fp_line (start -0.546 -1.2192) (end -1.054 -1.2192) (layer F.Fab) (width 0.1))
    (fp_line (start -0.546 -1.2192) (end -0.546 -1.2192) (layer F.Fab) (width 0.1))
    (fp_line (start -1.054 -1.2192) (end -0.546 -1.2192) (layer F.Fab) (width 0.1))
    (fp_line (start -0.254 -1.2192) (end -0.254 -1.2192) (layer F.Fab) (width 0.1))
    (fp_line (start 0.254 -1.2192) (end -0.254 -1.2192) (layer F.Fab) (width 0.1))
    (fp_line (start 0.254 -1.2192) (end 0.254 -1.2192) (layer F.Fab) (width 0.1))
    (fp_line (start -0.254 -1.2192) (end 0.254 -1.2192) (layer F.Fab) (width 0.1))
    (fp_line (start 0.546 -1.2192) (end 0.546 -1.2192) (layer F.Fab) (width 0.1))
    (fp_line (start 1.054 -1.2192) (end 0.546 -1.2192) (layer F.Fab) (width 0.1))
    (fp_line (start 1.054 -1.2192) (end 1.054 -1.2192) (layer F.Fab) (width 0.1))
    (fp_line (start 0.546 -1.2192) (end 1.054 -1.2192) (layer F.Fab) (width 0.1))
    (fp_line (start 1.346 -1.2192) (end 1.346 -1.2192) (layer F.Fab) (width 0.1))
    (fp_line (start 1.854 -1.2192) (end 1.346 -1.2192) (layer F.Fab) (width 0.1))
    (fp_line (start 1.854 -1.2192) (end 1.854 -1.2192) (layer F.Fab) (width 0.1))
    (fp_line (start 1.346 -1.2192) (end 1.854 -1.2192) (layer F.Fab) (width 0.1))
    (fp_line (start -2.2225 0.0508) (end -0.9525 -1.2192) (layer F.Fab) (width 0.1))
    (fp_line (start -2.083 1.4732) (end -2.4765 1.4732) (layer F.CrtYd) (width 0.05))
    (fp_line (start -2.083 1.773199) (end -2.083 1.4732) (layer F.CrtYd) (width 0.05))
    (fp_line (start 2.083 1.773199) (end -2.083 1.773199) (layer F.CrtYd) (width 0.05))
    (fp_line (start 2.083 1.4732) (end 2.083 1.773199) (layer F.CrtYd) (width 0.05))
    (fp_line (start 2.4765 1.4732) (end 2.083 1.4732) (layer F.CrtYd) (width 0.05))
    (fp_line (start 2.4765 0.483) (end 2.4765 1.4732) (layer F.CrtYd) (width 0.05))
    (fp_line (start 2.4765 0.483) (end 2.4765 0.483) (layer F.CrtYd) (width 0.05))
    (fp_line (start 2.4765 -0.483) (end 2.4765 0.483) (layer F.CrtYd) (width 0.05))
    (fp_line (start 2.4765 -0.483) (end 2.4765 -0.483) (layer F.CrtYd) (width 0.05))
    (fp_line (start 2.4765 -1.4732) (end 2.4765 -0.483) (layer F.CrtYd) (width 0.05))
    (fp_line (start 2.083 -1.4732) (end 2.4765 -1.4732) (layer F.CrtYd) (width 0.05))
    (fp_line (start 2.083 -1.773199) (end 2.083 -1.4732) (layer F.CrtYd) (width 0.05))
    (fp_line (start -2.083 -1.773199) (end 2.083 -1.773199) (layer F.CrtYd) (width 0.05))
    (fp_line (start -2.083 -1.4732) (end -2.083 -1.773199) (layer F.CrtYd) (width 0.05))
    (fp_line (start -2.4765 -1.4732) (end -2.083 -1.4732) (layer F.CrtYd) (width 0.05))
    (fp_line (start -2.4765 -0.483) (end -2.4765 -1.4732) (layer F.CrtYd) (width 0.05))
    (fp_line (start -2.4765 -0.483) (end -2.4765 -0.483) (layer F.CrtYd) (width 0.05))
    (fp_line (start -2.4765 0.483) (end -2.4765 -0.483) (layer F.CrtYd) (width 0.05))
    (fp_line (start -2.4765 0.483) (end -2.4765 0.483) (layer F.CrtYd) (width 0.05))
    (fp_line (start -2.4765 1.4732) (end -2.4765 0.483) (layer F.CrtYd) (width 0.05))
    (pad 1 smd rect (at -1.599999 -1.1152 270) (size 0.458 0.807999) (layers F.Cu F.Paste F.Mask)
      (net 3 +3V3))
    (pad 2 smd rect (at -0.800001 -1.1152 270) (size 0.458 0.807999) (layers F.Cu F.Paste F.Mask)
      (net 1 GND))
    (pad 3 smd rect (at 0 -1.1152 270) (size 0.458 0.807999) (layers F.Cu F.Paste F.Mask)
      (net 1 GND))
    (pad 4 smd rect (at 0.800001 -1.1152 270) (size 0.458 0.807999) (layers F.Cu F.Paste F.Mask)
      (net 1 GND))
    (pad 5 smd rect (at 1.599999 -1.1152 270) (size 0.458 0.807999) (layers F.Cu F.Paste F.Mask)
      (net 9 XSHUT_2))
    (pad 6 smd rect (at 1.6002 0) (size 0.508 0.508) (layers F.Cu F.Paste F.Mask)
      (net 1 GND))
    (pad 7 smd rect (at 1.599999 1.1152 270) (size 0.458 0.807999) (layers F.Cu F.Paste F.Mask)
      (net 10 GPIOI_2))
    (pad 8 smd rect (at 0.800001 1.1152 270) (size 0.458 0.807999) (layers F.Cu F.Paste F.Mask))
    (pad 9 smd rect (at 0 1.1152 270) (size 0.458 0.807999) (layers F.Cu F.Paste F.Mask)
      (net 7 SDA))
    (pad 10 smd rect (at -0.800001 1.1152 270) (size 0.458 0.807999) (layers F.Cu F.Paste F.Mask)
      (net 8 SCL))
    (pad 11 smd rect (at -1.599999 1.1152 270) (size 0.458 0.807999) (layers F.Cu F.Paste F.Mask)
      (net 3 +3V3))
    (pad 12 smd rect (at -1.6002 0) (size 0.508 0.508) (layers F.Cu F.Paste F.Mask)
      (net 1 GND))
    (model C:/Users/robel/GitHub/GestureControl/pcb/Lib/VL53L3CXV0DH_STEP/2022-02-16_14-17-11/STEP/VL53L3CV.step
      (at (xyz 0 0 0))
      (scale (xyz 1 1 1))
      (rotate (xyz 0 0 0))
    )
  )

  (module Resistor_SMD:R_0603_1608Metric_Pad0.98x0.95mm_HandSolder (layer F.Cu) (tedit 5F68FEEE) (tstamp 62152B69)
    (at 196.85 110.49 270)
    (descr "Resistor SMD 0603 (1608 Metric), square (rectangular) end terminal, IPC_7351 nominal with elongated pad for handsoldering. (Body size source: IPC-SM-782 page 72, https://www.pcb-3d.com/wordpress/wp-content/uploads/ipc-sm-782a_amendment_1_and_2.pdf), generated with kicad-footprint-generator")
    (tags "resistor handsolder")
    (path /623BE0FF/623DBAF7)
    (attr smd)
    (fp_text reference R17 (at 0 -1.43 90) (layer F.SilkS)
      (effects (font (size 1 1) (thickness 0.15)))
    )
    (fp_text value N/A (at 0 1.43 90) (layer F.Fab)
      (effects (font (size 1 1) (thickness 0.15)))
    )
    (fp_text user %R (at 0 0 90) (layer F.Fab)
      (effects (font (size 0.4 0.4) (thickness 0.06)))
    )
    (fp_line (start -0.8 0.4125) (end -0.8 -0.4125) (layer F.Fab) (width 0.1))
    (fp_line (start -0.8 -0.4125) (end 0.8 -0.4125) (layer F.Fab) (width 0.1))
    (fp_line (start 0.8 -0.4125) (end 0.8 0.4125) (layer F.Fab) (width 0.1))
    (fp_line (start 0.8 0.4125) (end -0.8 0.4125) (layer F.Fab) (width 0.1))
    (fp_line (start -0.254724 -0.5225) (end 0.254724 -0.5225) (layer F.SilkS) (width 0.12))
    (fp_line (start -0.254724 0.5225) (end 0.254724 0.5225) (layer F.SilkS) (width 0.12))
    (fp_line (start -1.65 0.73) (end -1.65 -0.73) (layer F.CrtYd) (width 0.05))
    (fp_line (start -1.65 -0.73) (end 1.65 -0.73) (layer F.CrtYd) (width 0.05))
    (fp_line (start 1.65 -0.73) (end 1.65 0.73) (layer F.CrtYd) (width 0.05))
    (fp_line (start 1.65 0.73) (end -1.65 0.73) (layer F.CrtYd) (width 0.05))
    (pad 2 smd roundrect (at 0.9125 0 270) (size 0.975 0.95) (layers F.Cu F.Paste F.Mask) (roundrect_rratio 0.25)
      (net 30 "Net-(C17-Pad1)"))
    (pad 1 smd roundrect (at -0.9125 0 270) (size 0.975 0.95) (layers F.Cu F.Paste F.Mask) (roundrect_rratio 0.25)
      (net 25 /MCU/OSM_OUT))
    (model ${KISYS3DMOD}/Resistor_SMD.3dshapes/R_0603_1608Metric.wrl
      (at (xyz 0 0 0))
      (scale (xyz 1 1 1))
      (rotate (xyz 0 0 0))
    )
  )

  (module Resistor_SMD:R_0603_1608Metric_Pad0.98x0.95mm_HandSolder (layer F.Cu) (tedit 5F68FEEE) (tstamp 62152B58)
    (at 205.74 119.38 270)
    (descr "Resistor SMD 0603 (1608 Metric), square (rectangular) end terminal, IPC_7351 nominal with elongated pad for handsoldering. (Body size source: IPC-SM-782 page 72, https://www.pcb-3d.com/wordpress/wp-content/uploads/ipc-sm-782a_amendment_1_and_2.pdf), generated with kicad-footprint-generator")
    (tags "resistor handsolder")
    (path /623BE0FF/623DB503)
    (attr smd)
    (fp_text reference R16 (at 0 -1.43 90) (layer F.SilkS)
      (effects (font (size 1 1) (thickness 0.15)))
    )
    (fp_text value N/A (at 0 1.43 90) (layer F.Fab)
      (effects (font (size 1 1) (thickness 0.15)))
    )
    (fp_text user %R (at 0 0 90) (layer F.Fab)
      (effects (font (size 0.4 0.4) (thickness 0.06)))
    )
    (fp_line (start -0.8 0.4125) (end -0.8 -0.4125) (layer F.Fab) (width 0.1))
    (fp_line (start -0.8 -0.4125) (end 0.8 -0.4125) (layer F.Fab) (width 0.1))
    (fp_line (start 0.8 -0.4125) (end 0.8 0.4125) (layer F.Fab) (width 0.1))
    (fp_line (start 0.8 0.4125) (end -0.8 0.4125) (layer F.Fab) (width 0.1))
    (fp_line (start -0.254724 -0.5225) (end 0.254724 -0.5225) (layer F.SilkS) (width 0.12))
    (fp_line (start -0.254724 0.5225) (end 0.254724 0.5225) (layer F.SilkS) (width 0.12))
    (fp_line (start -1.65 0.73) (end -1.65 -0.73) (layer F.CrtYd) (width 0.05))
    (fp_line (start -1.65 -0.73) (end 1.65 -0.73) (layer F.CrtYd) (width 0.05))
    (fp_line (start 1.65 -0.73) (end 1.65 0.73) (layer F.CrtYd) (width 0.05))
    (fp_line (start 1.65 0.73) (end -1.65 0.73) (layer F.CrtYd) (width 0.05))
    (pad 2 smd roundrect (at 0.9125 0 270) (size 0.975 0.95) (layers F.Cu F.Paste F.Mask) (roundrect_rratio 0.25)
      (net 29 "Net-(C16-Pad1)"))
    (pad 1 smd roundrect (at -0.9125 0 270) (size 0.975 0.95) (layers F.Cu F.Paste F.Mask) (roundrect_rratio 0.25)
      (net 26 /MCU/MCO))
    (model ${KISYS3DMOD}/Resistor_SMD.3dshapes/R_0603_1608Metric.wrl
      (at (xyz 0 0 0))
      (scale (xyz 1 1 1))
      (rotate (xyz 0 0 0))
    )
  )

  (module Resistor_SMD:R_0805_2012Metric_Pad1.20x1.40mm_HandSolder (layer F.Cu) (tedit 5F68FEEE) (tstamp 62163A21)
    (at 95.25 113.3 270)
    (descr "Resistor SMD 0805 (2012 Metric), square (rectangular) end terminal, IPC_7351 nominal with elongated pad for handsoldering. (Body size source: IPC-SM-782 page 72, https://www.pcb-3d.com/wordpress/wp-content/uploads/ipc-sm-782a_amendment_1_and_2.pdf), generated with kicad-footprint-generator")
    (tags "resistor handsolder")
    (path /621AE490)
    (attr smd)
    (fp_text reference R20 (at 0 -1.65 90) (layer F.SilkS)
      (effects (font (size 1 1) (thickness 0.15)))
    )
    (fp_text value 100 (at 0 1.65 90) (layer F.Fab)
      (effects (font (size 1 1) (thickness 0.15)))
    )
    (fp_text user %R (at 0 0 90) (layer F.Fab)
      (effects (font (size 0.5 0.5) (thickness 0.08)))
    )
    (fp_line (start -1 0.625) (end -1 -0.625) (layer F.Fab) (width 0.1))
    (fp_line (start -1 -0.625) (end 1 -0.625) (layer F.Fab) (width 0.1))
    (fp_line (start 1 -0.625) (end 1 0.625) (layer F.Fab) (width 0.1))
    (fp_line (start 1 0.625) (end -1 0.625) (layer F.Fab) (width 0.1))
    (fp_line (start -0.227064 -0.735) (end 0.227064 -0.735) (layer F.SilkS) (width 0.12))
    (fp_line (start -0.227064 0.735) (end 0.227064 0.735) (layer F.SilkS) (width 0.12))
    (fp_line (start -1.85 0.95) (end -1.85 -0.95) (layer F.CrtYd) (width 0.05))
    (fp_line (start -1.85 -0.95) (end 1.85 -0.95) (layer F.CrtYd) (width 0.05))
    (fp_line (start 1.85 -0.95) (end 1.85 0.95) (layer F.CrtYd) (width 0.05))
    (fp_line (start 1.85 0.95) (end -1.85 0.95) (layer F.CrtYd) (width 0.05))
    (pad 2 smd roundrect (at 1 0 270) (size 1.2 1.4) (layers F.Cu F.Paste F.Mask) (roundrect_rratio 0.208333)
      (net 34 "Net-(C24-Pad1)"))
    (pad 1 smd roundrect (at -1 0 270) (size 1.2 1.4) (layers F.Cu F.Paste F.Mask) (roundrect_rratio 0.208333)
      (net 3 +3V3))
    (model ${KISYS3DMOD}/Resistor_SMD.3dshapes/R_0805_2012Metric.wrl
      (at (xyz 0 0 0))
      (scale (xyz 1 1 1))
      (rotate (xyz 0 0 0))
    )
  )

  (module Resistor_SMD:R_0805_2012Metric_Pad1.20x1.40mm_HandSolder (layer F.Cu) (tedit 5F68FEEE) (tstamp 62152B8B)
    (at 128.27 113.3 270)
    (descr "Resistor SMD 0805 (2012 Metric), square (rectangular) end terminal, IPC_7351 nominal with elongated pad for handsoldering. (Body size source: IPC-SM-782 page 72, https://www.pcb-3d.com/wordpress/wp-content/uploads/ipc-sm-782a_amendment_1_and_2.pdf), generated with kicad-footprint-generator")
    (tags "resistor handsolder")
    (path /621A7778)
    (attr smd)
    (fp_text reference R19 (at 0 -1.65 90) (layer F.SilkS)
      (effects (font (size 1 1) (thickness 0.15)))
    )
    (fp_text value 100 (at 0 1.65 90) (layer F.Fab)
      (effects (font (size 1 1) (thickness 0.15)))
    )
    (fp_text user %R (at 0 0 90) (layer F.Fab)
      (effects (font (size 0.5 0.5) (thickness 0.08)))
    )
    (fp_line (start -1 0.625) (end -1 -0.625) (layer F.Fab) (width 0.1))
    (fp_line (start -1 -0.625) (end 1 -0.625) (layer F.Fab) (width 0.1))
    (fp_line (start 1 -0.625) (end 1 0.625) (layer F.Fab) (width 0.1))
    (fp_line (start 1 0.625) (end -1 0.625) (layer F.Fab) (width 0.1))
    (fp_line (start -0.227064 -0.735) (end 0.227064 -0.735) (layer F.SilkS) (width 0.12))
    (fp_line (start -0.227064 0.735) (end 0.227064 0.735) (layer F.SilkS) (width 0.12))
    (fp_line (start -1.85 0.95) (end -1.85 -0.95) (layer F.CrtYd) (width 0.05))
    (fp_line (start -1.85 -0.95) (end 1.85 -0.95) (layer F.CrtYd) (width 0.05))
    (fp_line (start 1.85 -0.95) (end 1.85 0.95) (layer F.CrtYd) (width 0.05))
    (fp_line (start 1.85 0.95) (end -1.85 0.95) (layer F.CrtYd) (width 0.05))
    (pad 2 smd roundrect (at 1 0 270) (size 1.2 1.4) (layers F.Cu F.Paste F.Mask) (roundrect_rratio 0.208333)
      (net 32 "Net-(C23-Pad1)"))
    (pad 1 smd roundrect (at -1 0 270) (size 1.2 1.4) (layers F.Cu F.Paste F.Mask) (roundrect_rratio 0.208333)
      (net 3 +3V3))
    (model ${KISYS3DMOD}/Resistor_SMD.3dshapes/R_0805_2012Metric.wrl
      (at (xyz 0 0 0))
      (scale (xyz 1 1 1))
      (rotate (xyz 0 0 0))
    )
  )

  (module Resistor_SMD:R_0805_2012Metric_Pad1.20x1.40mm_HandSolder (layer F.Cu) (tedit 5F68FEEE) (tstamp 62152B7A)
    (at 198.12 123.46 270)
    (descr "Resistor SMD 0805 (2012 Metric), square (rectangular) end terminal, IPC_7351 nominal with elongated pad for handsoldering. (Body size source: IPC-SM-782 page 72, https://www.pcb-3d.com/wordpress/wp-content/uploads/ipc-sm-782a_amendment_1_and_2.pdf), generated with kicad-footprint-generator")
    (tags "resistor handsolder")
    (path /623BE0FF/624A225F)
    (attr smd)
    (fp_text reference R18 (at 0 -1.65 90) (layer F.SilkS)
      (effects (font (size 1 1) (thickness 0.15)))
    )
    (fp_text value 10k (at 0 1.65 90) (layer F.Fab)
      (effects (font (size 1 1) (thickness 0.15)))
    )
    (fp_text user %R (at 0 0 90) (layer F.Fab)
      (effects (font (size 0.5 0.5) (thickness 0.08)))
    )
    (fp_line (start -1 0.625) (end -1 -0.625) (layer F.Fab) (width 0.1))
    (fp_line (start -1 -0.625) (end 1 -0.625) (layer F.Fab) (width 0.1))
    (fp_line (start 1 -0.625) (end 1 0.625) (layer F.Fab) (width 0.1))
    (fp_line (start 1 0.625) (end -1 0.625) (layer F.Fab) (width 0.1))
    (fp_line (start -0.227064 -0.735) (end 0.227064 -0.735) (layer F.SilkS) (width 0.12))
    (fp_line (start -0.227064 0.735) (end 0.227064 0.735) (layer F.SilkS) (width 0.12))
    (fp_line (start -1.85 0.95) (end -1.85 -0.95) (layer F.CrtYd) (width 0.05))
    (fp_line (start -1.85 -0.95) (end 1.85 -0.95) (layer F.CrtYd) (width 0.05))
    (fp_line (start 1.85 -0.95) (end 1.85 0.95) (layer F.CrtYd) (width 0.05))
    (fp_line (start 1.85 0.95) (end -1.85 0.95) (layer F.CrtYd) (width 0.05))
    (pad 2 smd roundrect (at 1 0 270) (size 1.2 1.4) (layers F.Cu F.Paste F.Mask) (roundrect_rratio 0.208333)
      (net 1 GND))
    (pad 1 smd roundrect (at -1 0 270) (size 1.2 1.4) (layers F.Cu F.Paste F.Mask) (roundrect_rratio 0.208333)
      (net 13 "Net-(R18-Pad1)"))
    (model ${KISYS3DMOD}/Resistor_SMD.3dshapes/R_0805_2012Metric.wrl
      (at (xyz 0 0 0))
      (scale (xyz 1 1 1))
      (rotate (xyz 0 0 0))
    )
  )

  (module Resistor_SMD:R_0805_2012Metric_Pad1.20x1.40mm_HandSolder (layer B.Cu) (tedit 5F68FEEE) (tstamp 62152B47)
    (at 75.184 144.288 270)
    (descr "Resistor SMD 0805 (2012 Metric), square (rectangular) end terminal, IPC_7351 nominal with elongated pad for handsoldering. (Body size source: IPC-SM-782 page 72, https://www.pcb-3d.com/wordpress/wp-content/uploads/ipc-sm-782a_amendment_1_and_2.pdf), generated with kicad-footprint-generator")
    (tags "resistor handsolder")
    (path /623A3BAC/623AF0E6)
    (attr smd)
    (fp_text reference R15 (at 0 1.65 270) (layer B.SilkS)
      (effects (font (size 1 1) (thickness 0.15)) (justify mirror))
    )
    (fp_text value 10k (at 0 -1.65 270) (layer B.Fab)
      (effects (font (size 1 1) (thickness 0.15)) (justify mirror))
    )
    (fp_text user %R (at 0 0 270) (layer B.Fab)
      (effects (font (size 0.5 0.5) (thickness 0.08)) (justify mirror))
    )
    (fp_line (start -1 -0.625) (end -1 0.625) (layer B.Fab) (width 0.1))
    (fp_line (start -1 0.625) (end 1 0.625) (layer B.Fab) (width 0.1))
    (fp_line (start 1 0.625) (end 1 -0.625) (layer B.Fab) (width 0.1))
    (fp_line (start 1 -0.625) (end -1 -0.625) (layer B.Fab) (width 0.1))
    (fp_line (start -0.227064 0.735) (end 0.227064 0.735) (layer B.SilkS) (width 0.12))
    (fp_line (start -0.227064 -0.735) (end 0.227064 -0.735) (layer B.SilkS) (width 0.12))
    (fp_line (start -1.85 -0.95) (end -1.85 0.95) (layer B.CrtYd) (width 0.05))
    (fp_line (start -1.85 0.95) (end 1.85 0.95) (layer B.CrtYd) (width 0.05))
    (fp_line (start 1.85 0.95) (end 1.85 -0.95) (layer B.CrtYd) (width 0.05))
    (fp_line (start 1.85 -0.95) (end -1.85 -0.95) (layer B.CrtYd) (width 0.05))
    (pad 2 smd roundrect (at 1 0 270) (size 1.2 1.4) (layers B.Cu B.Paste B.Mask) (roundrect_rratio 0.208333)
      (net 11 XSHUT_0))
    (pad 1 smd roundrect (at -1 0 270) (size 1.2 1.4) (layers B.Cu B.Paste B.Mask) (roundrect_rratio 0.208333)
      (net 3 +3V3))
    (model ${KISYS3DMOD}/Resistor_SMD.3dshapes/R_0805_2012Metric.wrl
      (at (xyz 0 0 0))
      (scale (xyz 1 1 1))
      (rotate (xyz 0 0 0))
    )
  )

  (module Resistor_SMD:R_0805_2012Metric_Pad1.20x1.40mm_HandSolder (layer B.Cu) (tedit 5F68FEEE) (tstamp 62152B36)
    (at 68.58 144.288 270)
    (descr "Resistor SMD 0805 (2012 Metric), square (rectangular) end terminal, IPC_7351 nominal with elongated pad for handsoldering. (Body size source: IPC-SM-782 page 72, https://www.pcb-3d.com/wordpress/wp-content/uploads/ipc-sm-782a_amendment_1_and_2.pdf), generated with kicad-footprint-generator")
    (tags "resistor handsolder")
    (path /623A3BAC/623AF0EC)
    (attr smd)
    (fp_text reference R14 (at 0 1.65 270) (layer B.SilkS)
      (effects (font (size 1 1) (thickness 0.15)) (justify mirror))
    )
    (fp_text value 10k (at 0 -1.65 270) (layer B.Fab)
      (effects (font (size 1 1) (thickness 0.15)) (justify mirror))
    )
    (fp_text user %R (at 0 0 270) (layer B.Fab)
      (effects (font (size 0.5 0.5) (thickness 0.08)) (justify mirror))
    )
    (fp_line (start -1 -0.625) (end -1 0.625) (layer B.Fab) (width 0.1))
    (fp_line (start -1 0.625) (end 1 0.625) (layer B.Fab) (width 0.1))
    (fp_line (start 1 0.625) (end 1 -0.625) (layer B.Fab) (width 0.1))
    (fp_line (start 1 -0.625) (end -1 -0.625) (layer B.Fab) (width 0.1))
    (fp_line (start -0.227064 0.735) (end 0.227064 0.735) (layer B.SilkS) (width 0.12))
    (fp_line (start -0.227064 -0.735) (end 0.227064 -0.735) (layer B.SilkS) (width 0.12))
    (fp_line (start -1.85 -0.95) (end -1.85 0.95) (layer B.CrtYd) (width 0.05))
    (fp_line (start -1.85 0.95) (end 1.85 0.95) (layer B.CrtYd) (width 0.05))
    (fp_line (start 1.85 0.95) (end 1.85 -0.95) (layer B.CrtYd) (width 0.05))
    (fp_line (start 1.85 -0.95) (end -1.85 -0.95) (layer B.CrtYd) (width 0.05))
    (pad 2 smd roundrect (at 1 0 270) (size 1.2 1.4) (layers B.Cu B.Paste B.Mask) (roundrect_rratio 0.208333)
      (net 12 GPIOI_0))
    (pad 1 smd roundrect (at -1 0 270) (size 1.2 1.4) (layers B.Cu B.Paste B.Mask) (roundrect_rratio 0.208333)
      (net 3 +3V3))
    (model ${KISYS3DMOD}/Resistor_SMD.3dshapes/R_0805_2012Metric.wrl
      (at (xyz 0 0 0))
      (scale (xyz 1 1 1))
      (rotate (xyz 0 0 0))
    )
  )

  (module Resistor_SMD:R_0805_2012Metric_Pad1.20x1.40mm_HandSolder (layer B.Cu) (tedit 5F68FEEE) (tstamp 62152B25)
    (at 150.876 144.288 270)
    (descr "Resistor SMD 0805 (2012 Metric), square (rectangular) end terminal, IPC_7351 nominal with elongated pad for handsoldering. (Body size source: IPC-SM-782 page 72, https://www.pcb-3d.com/wordpress/wp-content/uploads/ipc-sm-782a_amendment_1_and_2.pdf), generated with kicad-footprint-generator")
    (tags "resistor handsolder")
    (path /623A41A0/623B5AD0)
    (attr smd)
    (fp_text reference R13 (at 0 1.65 270) (layer B.SilkS)
      (effects (font (size 1 1) (thickness 0.15)) (justify mirror))
    )
    (fp_text value 10k (at 0 -1.65 270) (layer B.Fab)
      (effects (font (size 1 1) (thickness 0.15)) (justify mirror))
    )
    (fp_text user %R (at 0 0 270) (layer B.Fab)
      (effects (font (size 0.5 0.5) (thickness 0.08)) (justify mirror))
    )
    (fp_line (start -1 -0.625) (end -1 0.625) (layer B.Fab) (width 0.1))
    (fp_line (start -1 0.625) (end 1 0.625) (layer B.Fab) (width 0.1))
    (fp_line (start 1 0.625) (end 1 -0.625) (layer B.Fab) (width 0.1))
    (fp_line (start 1 -0.625) (end -1 -0.625) (layer B.Fab) (width 0.1))
    (fp_line (start -0.227064 0.735) (end 0.227064 0.735) (layer B.SilkS) (width 0.12))
    (fp_line (start -0.227064 -0.735) (end 0.227064 -0.735) (layer B.SilkS) (width 0.12))
    (fp_line (start -1.85 -0.95) (end -1.85 0.95) (layer B.CrtYd) (width 0.05))
    (fp_line (start -1.85 0.95) (end 1.85 0.95) (layer B.CrtYd) (width 0.05))
    (fp_line (start 1.85 0.95) (end 1.85 -0.95) (layer B.CrtYd) (width 0.05))
    (fp_line (start 1.85 -0.95) (end -1.85 -0.95) (layer B.CrtYd) (width 0.05))
    (pad 2 smd roundrect (at 1 0 270) (size 1.2 1.4) (layers B.Cu B.Paste B.Mask) (roundrect_rratio 0.208333)
      (net 9 XSHUT_2))
    (pad 1 smd roundrect (at -1 0 270) (size 1.2 1.4) (layers B.Cu B.Paste B.Mask) (roundrect_rratio 0.208333)
      (net 3 +3V3))
    (model ${KISYS3DMOD}/Resistor_SMD.3dshapes/R_0805_2012Metric.wrl
      (at (xyz 0 0 0))
      (scale (xyz 1 1 1))
      (rotate (xyz 0 0 0))
    )
  )

  (module Resistor_SMD:R_0805_2012Metric_Pad1.20x1.40mm_HandSolder (layer B.Cu) (tedit 5F68FEEE) (tstamp 62152B14)
    (at 144.272 144.288 270)
    (descr "Resistor SMD 0805 (2012 Metric), square (rectangular) end terminal, IPC_7351 nominal with elongated pad for handsoldering. (Body size source: IPC-SM-782 page 72, https://www.pcb-3d.com/wordpress/wp-content/uploads/ipc-sm-782a_amendment_1_and_2.pdf), generated with kicad-footprint-generator")
    (tags "resistor handsolder")
    (path /623A41A0/623B5AD6)
    (attr smd)
    (fp_text reference R12 (at 0 1.65 270) (layer B.SilkS)
      (effects (font (size 1 1) (thickness 0.15)) (justify mirror))
    )
    (fp_text value 10k (at 0 -1.65 270) (layer B.Fab)
      (effects (font (size 1 1) (thickness 0.15)) (justify mirror))
    )
    (fp_text user %R (at 0 0 270) (layer B.Fab)
      (effects (font (size 0.5 0.5) (thickness 0.08)) (justify mirror))
    )
    (fp_line (start -1 -0.625) (end -1 0.625) (layer B.Fab) (width 0.1))
    (fp_line (start -1 0.625) (end 1 0.625) (layer B.Fab) (width 0.1))
    (fp_line (start 1 0.625) (end 1 -0.625) (layer B.Fab) (width 0.1))
    (fp_line (start 1 -0.625) (end -1 -0.625) (layer B.Fab) (width 0.1))
    (fp_line (start -0.227064 0.735) (end 0.227064 0.735) (layer B.SilkS) (width 0.12))
    (fp_line (start -0.227064 -0.735) (end 0.227064 -0.735) (layer B.SilkS) (width 0.12))
    (fp_line (start -1.85 -0.95) (end -1.85 0.95) (layer B.CrtYd) (width 0.05))
    (fp_line (start -1.85 0.95) (end 1.85 0.95) (layer B.CrtYd) (width 0.05))
    (fp_line (start 1.85 0.95) (end 1.85 -0.95) (layer B.CrtYd) (width 0.05))
    (fp_line (start 1.85 -0.95) (end -1.85 -0.95) (layer B.CrtYd) (width 0.05))
    (pad 2 smd roundrect (at 1 0 270) (size 1.2 1.4) (layers B.Cu B.Paste B.Mask) (roundrect_rratio 0.208333)
      (net 10 GPIOI_2))
    (pad 1 smd roundrect (at -1 0 270) (size 1.2 1.4) (layers B.Cu B.Paste B.Mask) (roundrect_rratio 0.208333)
      (net 3 +3V3))
    (model ${KISYS3DMOD}/Resistor_SMD.3dshapes/R_0805_2012Metric.wrl
      (at (xyz 0 0 0))
      (scale (xyz 1 1 1))
      (rotate (xyz 0 0 0))
    )
  )

  (module Resistor_SMD:R_0805_2012Metric_Pad1.20x1.40mm_HandSolder (layer B.Cu) (tedit 5F68FEEE) (tstamp 62152B03)
    (at 113.284 144.288 270)
    (descr "Resistor SMD 0805 (2012 Metric), square (rectangular) end terminal, IPC_7351 nominal with elongated pad for handsoldering. (Body size source: IPC-SM-782 page 72, https://www.pcb-3d.com/wordpress/wp-content/uploads/ipc-sm-782a_amendment_1_and_2.pdf), generated with kicad-footprint-generator")
    (tags "resistor handsolder")
    (path /62398514/6239ED80)
    (attr smd)
    (fp_text reference R11 (at 0 1.65 270) (layer B.SilkS)
      (effects (font (size 1 1) (thickness 0.15)) (justify mirror))
    )
    (fp_text value 10k (at 0 -1.65 270) (layer B.Fab)
      (effects (font (size 1 1) (thickness 0.15)) (justify mirror))
    )
    (fp_text user %R (at 0 0 270) (layer B.Fab)
      (effects (font (size 0.5 0.5) (thickness 0.08)) (justify mirror))
    )
    (fp_line (start -1 -0.625) (end -1 0.625) (layer B.Fab) (width 0.1))
    (fp_line (start -1 0.625) (end 1 0.625) (layer B.Fab) (width 0.1))
    (fp_line (start 1 0.625) (end 1 -0.625) (layer B.Fab) (width 0.1))
    (fp_line (start 1 -0.625) (end -1 -0.625) (layer B.Fab) (width 0.1))
    (fp_line (start -0.227064 0.735) (end 0.227064 0.735) (layer B.SilkS) (width 0.12))
    (fp_line (start -0.227064 -0.735) (end 0.227064 -0.735) (layer B.SilkS) (width 0.12))
    (fp_line (start -1.85 -0.95) (end -1.85 0.95) (layer B.CrtYd) (width 0.05))
    (fp_line (start -1.85 0.95) (end 1.85 0.95) (layer B.CrtYd) (width 0.05))
    (fp_line (start 1.85 0.95) (end 1.85 -0.95) (layer B.CrtYd) (width 0.05))
    (fp_line (start 1.85 -0.95) (end -1.85 -0.95) (layer B.CrtYd) (width 0.05))
    (pad 2 smd roundrect (at 1 0 270) (size 1.2 1.4) (layers B.Cu B.Paste B.Mask) (roundrect_rratio 0.208333)
      (net 5 XSHUT_1))
    (pad 1 smd roundrect (at -1 0 270) (size 1.2 1.4) (layers B.Cu B.Paste B.Mask) (roundrect_rratio 0.208333)
      (net 3 +3V3))
    (model ${KISYS3DMOD}/Resistor_SMD.3dshapes/R_0805_2012Metric.wrl
      (at (xyz 0 0 0))
      (scale (xyz 1 1 1))
      (rotate (xyz 0 0 0))
    )
  )

  (module Resistor_SMD:R_0805_2012Metric_Pad1.20x1.40mm_HandSolder (layer B.Cu) (tedit 5F68FEEE) (tstamp 62152AF2)
    (at 106.68 144.288 270)
    (descr "Resistor SMD 0805 (2012 Metric), square (rectangular) end terminal, IPC_7351 nominal with elongated pad for handsoldering. (Body size source: IPC-SM-782 page 72, https://www.pcb-3d.com/wordpress/wp-content/uploads/ipc-sm-782a_amendment_1_and_2.pdf), generated with kicad-footprint-generator")
    (tags "resistor handsolder")
    (path /62398514/6239ED86)
    (attr smd)
    (fp_text reference R10 (at 0 1.65 270) (layer B.SilkS)
      (effects (font (size 1 1) (thickness 0.15)) (justify mirror))
    )
    (fp_text value 10k (at 0 -1.65 270) (layer B.Fab)
      (effects (font (size 1 1) (thickness 0.15)) (justify mirror))
    )
    (fp_text user %R (at 0 0 270) (layer B.Fab)
      (effects (font (size 0.5 0.5) (thickness 0.08)) (justify mirror))
    )
    (fp_line (start -1 -0.625) (end -1 0.625) (layer B.Fab) (width 0.1))
    (fp_line (start -1 0.625) (end 1 0.625) (layer B.Fab) (width 0.1))
    (fp_line (start 1 0.625) (end 1 -0.625) (layer B.Fab) (width 0.1))
    (fp_line (start 1 -0.625) (end -1 -0.625) (layer B.Fab) (width 0.1))
    (fp_line (start -0.227064 0.735) (end 0.227064 0.735) (layer B.SilkS) (width 0.12))
    (fp_line (start -0.227064 -0.735) (end 0.227064 -0.735) (layer B.SilkS) (width 0.12))
    (fp_line (start -1.85 -0.95) (end -1.85 0.95) (layer B.CrtYd) (width 0.05))
    (fp_line (start -1.85 0.95) (end 1.85 0.95) (layer B.CrtYd) (width 0.05))
    (fp_line (start 1.85 0.95) (end 1.85 -0.95) (layer B.CrtYd) (width 0.05))
    (fp_line (start 1.85 -0.95) (end -1.85 -0.95) (layer B.CrtYd) (width 0.05))
    (pad 2 smd roundrect (at 1 0 270) (size 1.2 1.4) (layers B.Cu B.Paste B.Mask) (roundrect_rratio 0.208333)
      (net 6 GPIOI_1))
    (pad 1 smd roundrect (at -1 0 270) (size 1.2 1.4) (layers B.Cu B.Paste B.Mask) (roundrect_rratio 0.208333)
      (net 3 +3V3))
    (model ${KISYS3DMOD}/Resistor_SMD.3dshapes/R_0805_2012Metric.wrl
      (at (xyz 0 0 0))
      (scale (xyz 1 1 1))
      (rotate (xyz 0 0 0))
    )
  )

  (module Resistor_SMD:R_0805_2012Metric_Pad1.20x1.40mm_HandSolder (layer F.Cu) (tedit 5F68FEEE) (tstamp 62152AE1)
    (at 124.73 90.17)
    (descr "Resistor SMD 0805 (2012 Metric), square (rectangular) end terminal, IPC_7351 nominal with elongated pad for handsoldering. (Body size source: IPC-SM-782 page 72, https://www.pcb-3d.com/wordpress/wp-content/uploads/ipc-sm-782a_amendment_1_and_2.pdf), generated with kicad-footprint-generator")
    (tags "resistor handsolder")
    (path /6213D612)
    (attr smd)
    (fp_text reference R9 (at 0 -1.65) (layer F.SilkS)
      (effects (font (size 1 1) (thickness 0.15)))
    )
    (fp_text value 4k7 (at 0 1.65) (layer F.Fab)
      (effects (font (size 1 1) (thickness 0.15)))
    )
    (fp_text user %R (at 0 0) (layer F.Fab)
      (effects (font (size 0.5 0.5) (thickness 0.08)))
    )
    (fp_line (start -1 0.625) (end -1 -0.625) (layer F.Fab) (width 0.1))
    (fp_line (start -1 -0.625) (end 1 -0.625) (layer F.Fab) (width 0.1))
